4
4
4
4
4
4
4
4
4
4
4
4
4
4
4
4
4
4
4
4
4
4
4
4
4
4
4
4
4
4
4
4
4
4
4
4
4
4
4
10
10
10
10
10
10
10
10
6
8
8
8
8
8
8
8
8
8
8
8
8
8
8
8
8
8
8
8
8
8
8
8
8
8
8
8
8
8
8
8
8
8
6
8
8
10
10
10
10
10
10
10
10
10
10
10
8
8
8
8
8
8
8
8
8
0
8
8
8
8
8
10
10
10
10
10
10
10
10
4
4
4
2
2
2
2
2
2
2
2
2
2
2
4
4
4
4
4
4
4
4
4
4
4
4
4
6
6
6
2
2
2
2
2
2
2
2
2
4
4
4
4
4
4
4
4
4
4
4
8
10
10
10
10
10
10
10
10
10
2
0
2
2
2
2
2
2
2
2
0
0
2
2
2
2
2
2
2
2
2
2
2
0
0
0
0
0
0
0
0
0
0
0
0
0
0
0
0
0
0
0
0
0
0
0
0
0
6
6
6
6
6
6
6
6
6
6
10
10
10
10
10
10
10
10
10
10
10
10
2
2
2
2
2
2
2
2
2
2
2
2
2
2
2
6
6
6
6
6
6
6
6
10
10
10
10
10
10
10
10
10
10
10
8
8
8
8
8
8
0
0
8
8
8
8
8
8
2
2
2
2
2
2
2
2
2
2
2
6
6
6
6
6
6
6
6
0
6
6
6
6
