4
4
4
4
4
4
4
4
4
4
4
4
4
4
4
4
4
4
4
4
4
4
4
4
4
4
4
4
4
4
4
4
4
4
4
4
4
4
4
4
4
4
6
6
6
6
6
6
6
6
6
6
6
6
6
6
6
6
6
6
6
6
0
6
6
0
6
6
6
6
6
6
6
6
6
6
4
4
4
4
4
4
4
4
4
4
4
4
4
4
4
4
0
4
4
4
4
4
4
0
8
8
8
8
8
8
8
8
8
8
8
8
8
10
10
10
10
10
10
10
10
10
10
10
10
10
10
10
10
10
10
10
10
10
10
6
6
6
6
6
6
6
6
6
6
8
8
8
8
8
8
8
8
0
8
8
0
4
6
6
6
6
6
6
6
6
6
6
0
10
10
10
10
10
10
10
8
8
0
6
6
6
6
6
6
6
6
6
6
6
6
6
8
8
8
8
8
8
8
8
0
8
8
8
8
8
8
6
6
6
6
6
6
6
6
6
6
6
6
6
6
6
6
6
6
6
6
6
6
6
6
6
6
6
6
4
4
4
4
4
6
6
6
6
6
6
6
6
6
6
6
6
8
8
8
8
8
8
8
8
0
8
8
0
4
4
4
4
4
4
6
6
6
6
6
6
6
6
6
6
6
6
6
8
8
6
6
6
0
0
0
4
4
4
4
4
4
4
4
4
4
4
4
0
2
2
2
2
2
2
2
2
2
2
2
2
2
