4
4
4
4
4
4
4
4
4
4
4
4
4
4
4
4
4
4
4
4
4
4
4
4
4
0
4
4
4
4
4
4
0
0
0
0
4
0
6
8
8
8
8
8
10
10
10
8
8
8
8
8
8
8
8
8
8
8
8
8
0
4
0
4
4
4
4
4
4
4
4
4
0
4
4
6
8
8
8
8
8
8
8
8
8
8
8
8
8
8
8
10
10
10
10
10
10
10
0
0
0
0
0
4
4
4
4
2
2
0
2
2
0
8
8
8
8
8
8
8
8
8
8
8
8
8
8
8
8
6
6
6
6
6
6
6
6
6
6
4
4
4
4
4
4
4
4
4
4
4
4
4
0
6
6
6
6
6
6
6
6
6
6
6
6
2
2
2
2
2
2
2
2
6
6
6
6
6
6
6
6
6
6
8
8
8
2
2
2
2
2
2
2
2
2
2
6
6
6
6
6
6
6
6
6
6
6
6
6
6
0
2
2
2
2
2
2
2
2
2
2
2
0
0
0
4
4
4
4
4
4
4
4
4
4
4
4
4
4
0
4
0
4
4
4
4
4
4
4
0
2
2
2
2
2
2
2
2
2
2
2
2
2
2
2
2
2
2
2
2
2
2
2
2
2
2
0
2
2
6
6
6
6
6
6
0
0
0
0
0
8
8
10
10
10
10
10
10
10
10
10
10
0
2
2
2
2
2
2
2
2
2
0
10
10
10
10
10
10
10
10
10
10
