4
4
4
4
4
4
4
4
4
4
4
4
4
4
4
4
4
4
4
4
4
4
4
10
10
10
10
10
10
10
2
2
2
2
2
2
2
2
2
2
2
6
6
6
6
6
6
6
6
0
0
6
8
8
8
8
8
8
8
8
8
4
4
4
4
4
4
4
4
4
4
4
4
4
4
4
6
6
6
6
6
6
6
6
6
6
6
6
6
6
6
4
4
4
4
4
4
4
4
4
4
4
4
4
4
4
4
2
2
2
2
2
2
2
2
2
2
2
2
2
2
2
2
2
10
10
10
10
10
10
10
10
10
10
10
10
10
10
10
10
10
10
10
10
10
10
10
10
10
10
10
10
10
10
10
10
10
10
10
10
10
10
10
10
10
10
10
10
10
10
10
10
6
6
6
6
6
6
6
6
6
6
6
4
4
4
4
4
4
4
4
4
4
6
6
6
6
6
6
6
6
6
6
6
6
6
4
4
4
4
4
4
4
4
4
2
2
2
2
2
2
2
2
2
4
4
4
4
4
4
4
4
8
10
10
10
10
10
10
10
10
10
10
10
8
8
8
8
8
6
6
6
6
6
6
6
6
4
4
4
4
4
4
4
0
0
8
8
8
8
8
8
8
8
8
8
8
8
10
10
10
6
6
6
6
6
6
6
6
6
8
8
8
8
8
8
8
8
8
8
8
8
8
8
8
8
8
8
8
8
8
8
8
8
8
8
8
8
4
4
2
2
2
2
2
2
2
