4
4
4
4
4
4
4
4
4
4
4
4
4
4
4
4
4
4
4
4
4
4
4
4
4
4
4
4
4
4
4
4
4
4
4
4
4
4
4
4
4
4
4
4
8
8
10
10
10
8
8
8
8
8
8
8
10
10
10
10
10
10
10
10
10
10
10
10
10
10
10
10
10
8
8
8
8
8
8
10
10
10
10
10
10
10
10
10
10
6
6
6
6
6
6
6
8
8
8
8
8
8
8
8
8
6
6
6
6
6
6
6
6
8
8
8
8
10
10
10
10
10
10
10
10
10
10
10
10
10
10
10
10
10
10
10
10
10
10
10
10
10
10
10
10
10
10
10
10
10
10
10
10
8
8
0
8
8
10
10
10
10
10
10
10
8
8
8
8
8
10
10
10
10
10
10
10
10
10
10
10
6
6
6
6
6
8
8
8
8
6
6
6
8
8
8
8
8
8
6
6
6
6
6
10
10
10
10
10
10
10
10
8
8
8
8
10
10
10
10
10
10
10
10
10
10
10
10
8
8
8
8
8
8
8
6
6
6
8
8
8
6
6
6
4
4
4
4
4
0
0
0
4
10
10
10
10
10
10
10
10
10
10
10
10
2
2
2
2
2
2
2
2
2
2
2
2
8
8
8
8
6
6
6
6
6
6
6
8
8
8
8
8
8
8
8
8
8
8
6
6
6
6
6
6
6
6
6
4
4
6
6
6
6
6
8
8
8
8
8
8
8
10
10
10
10
10
10
10
10
10
10
