4
4
4
4
4
4
4
4
4
4
4
4
4
4
4
0
4
4
4
4
4
4
4
4
4
4
4
4
4
4
4
6
6
8
8
8
8
8
8
8
8
8
6
0
2
2
2
2
2
0
0
0
0
0
0
0
8
8
8
8
8
8
8
8
8
8
8
8
6
6
6
6
6
6
6
6
6
6
6
6
6
6
6
6
6
6
0
2
2
2
2
2
2
2
2
2
2
2
2
4
4
4
4
4
4
4
4
4
4
2
2
2
2
2
2
2
2
2
2
0
0
0
0
0
0
0
0
0
0
0
0
0
0
0
0
0
0
0
0
0
0
0
0
0
0
0
0
0
0
0
0
0
0
0
0
0
0
0
0
0
0
0
0
0
0
0
0
0
0
0
2
2
2
2
2
2
2
2
2
6
6
0
0
0
8
8
8
8
8
8
8
8
8
8
8
8
8
8
8
8
8
8
8
8
6
6
6
6
6
6
6
6
6
6
6
6
6
6
6
0
2
0
0
2
2
2
2
2
2
2
0
0
4
0
0
4
4
4
2
2
2
2
2
2
2
2
2
2
2
4
6
6
8
8
8
8
8
8
8
8
8
8
4
4
4
4
4
4
4
4
4
6
6
6
6
6
8
8
8
8
8
8
8
8
8
8
10
10
10
10
10
10
10
10
4
4
4
4
6
8
8
8
8
8
6
6
6
6
6
6
6
6
6
6
6
6
6
6
6
6
6
6
6
6
