6
6
6
6
6
6
6
6
6
6
6
6
6
6
6
6
6
6
6
6
6
6
6
6
6
6
6
6
4
6
0
10
8
8
8
8
8
8
8
8
8
8
8
8
8
8
8
8
8
8
8
6
6
8
6
6
6
6
6
6
6
6
8
6
6
6
6
6
6
6
6
6
6
6
6
6
8
8
6
8
10
8
8
6
8
8
8
8
10
10
10
10
10
10
10
10
10
10
8
6
0
2
2
0
0
2
4
4
4
6
0
0
0
0
0
0
0
0
0
0
0
0
0
0
0
0
0
0
0
0
0
0
0
4
6
8
8
10
10
10
10
10
10
10
10
10
10
10
10
10
10
10
10
10
10
10
10
10
10
10
10
10
10
10
10
10
10
10
10
8
8
6
8
6
0
6
6
6
6
6
6
6
6
8
10
10
10
10
10
10
10
10
10
10
10
8
6
2
2
2
2
0
0
2
4
6
0
4
2
2
4
4
2
2
2
2
2
2
2
2
2
2
2
2
2
2
2
0
0
4
6
6
8
10
10
10
10
10
10
10
10
10
10
10
10
10
10
10
10
10
10
10
10
8
10
10
10
10
10
10
10
10
10
10
10
10
10
10
10
10
10
10
8
8
8
8
8
8
8
8
8
8
10
10
10
10
10
10
10
10
10
10
10
10
10
8
8
6
6
8
8
8
8
8
8
8
8
8
8
8
0
0
0
0
4
4
4
4
4
4
4
4
4
4
4
4
4
4
4
4
