6
6
6
6
6
6
6
6
6
6
6
6
6
6
6
6
6
6
6
6
6
6
6
6
6
6
6
6
6
6
6
6
6
6
6
2
8
10
10
10
10
10
8
4
4
4
2
2
2
2
2
2
2
2
2
2
0
0
10
10
10
10
10
10
10
10
10
8
6
6
0
2
2
2
2
2
2
2
6
10
10
8
10
0
0
8
8
6
8
6
4
2
2
2
2
0
2
2
2
2
2
2
2
4
4
8
8
10
10
10
10
10
10
10
0
0
2
0
4
4
4
4
4
4
4
4
4
4
4
6
6
4
2
6
6
6
8
6
6
4
2
0
4
4
4
4
4
4
4
4
4
4
6
10
10
10
10
10
10
10
10
10
6
6
0
0
2
2
2
2
2
2
2
2
4
4
4
0
4
2
6
6
8
8
8
8
8
8
8
10
10
10
10
10
6
6
10
10
10
10
10
10
10
10
10
10
10
10
10
10
6
0
2
2
0
0
0
0
0
0
0
0
0
0
0
0
0
0
0
0
0
0
0
2
2
6
0
10
10
10
10
10
10
10
10
10
10
8
0
0
10
10
10
10
10
8
6
2
2
2
2
2
2
2
2
2
2
2
2
2
2
2
2
0
4
0
2
0
6
8
0
0
0
0
0
2
2
2
2
2
2
2
2
2
2
2
2
2
2
2
2
2
2
2
2
0
0
10
10
10
10
10
10
10
10
10
10
8
10
10
10
10
10
10
10
10
