4
4
4
4
4
4
4
4
4
4
4
4
6
6
6
6
6
6
6
6
6
6
6
6
6
6
6
6
6
6
6
6
6
6
6
6
6
6
10
10
10
10
10
10
10
10
10
10
10
10
10
10
10
10
10
10
10
10
10
10
10
10
10
10
10
10
10
10
10
10
10
10
10
10
10
10
10
10
10
10
10
10
10
10
10
10
10
10
10
10
10
10
10
10
10
10
10
10
10
10
10
10
10
10
6
0
2
2
0
0
0
0
0
0
2
0
8
10
10
10
8
8
8
8
8
8
8
10
10
10
10
10
10
10
10
10
10
10
10
10
8
8
8
10
8
6
8
8
8
8
8
8
8
8
10
6
8
10
10
10
10
10
10
8
8
6
0
0
4
4
0
0
6
6
6
8
10
10
10
10
10
10
10
10
10
10
10
10
10
10
10
10
6
6
6
6
6
6
6
6
8
10
10
10
10
10
10
8
10
10
10
10
10
0
8
10
10
10
10
10
10
10
10
8
8
6
6
8
8
8
8
8
8
8
8
8
8
8
8
8
10
10
10
8
10
8
6
8
8
10
10
10
10
10
8
8
8
8
8
8
8
8
8
8
8
6
10
10
10
10
10
10
10
10
10
10
10
8
8
8
6
8
8
8
8
8
8
8
10
8
8
8
6
6
6
6
6
6
6
6
8
8
8
6
8
6
6
6
6
6
6
6
6
6
8
10
10
10
10
10
10
8
8
8
8
6
6
6
0
0
0
0
0
6
6
6
6
6
0
